  (0, 7219)	0.6658136810767874
  (0, 9467)	0.746118048361637
  (1, 1588)	0.6705261317972117
  (1, 8283)	0.7418859121031135
  (2, 3311)	0.3670444853067819
  (2, 12434)	0.4200174793382836
  (2, 4218)	0.3260917714213643
  (2, 2805)	0.3146818109869889
  (2, 7515)	0.41115689846526843
  (2, 4765)	0.38310076649322505
  (2, 5710)	0.4094960132384001
  (3, 14233)	0.4831345557240128
  (3, 552)	0.4953962808153559
  (3, 7924)	0.40924926150812735
  (3, 14422)	0.36079015979515855
  (3, 3568)	0.47276741487724183
  (4, 8502)	0.6738241320784002
  (4, 9465)	0.738891764082393
  (5, 2217)	0.16405391564626182
  (5, 14132)	0.13923982351605754
  (5, 11779)	0.1269782095189181
  (5, 6201)	0.16405391564626182
  (5, 517)	0.1560226688731685
  (5, 6202)	0.1560226688731685
  (5, 10288)	0.10282811783382471
  :	:
  (2901, 9018)	0.18009496298474714
  (2901, 3856)	0.18009496298474714
  (2901, 11397)	0.10347424660310385
  (2901, 12716)	0.14872942193150332
  (2901, 9462)	0.11583236834544315
  (2901, 5352)	0.09860573223541784
  (2901, 5236)	0.09538920951224487
  (2902, 9127)	0.5110899092879603
  (2902, 12322)	0.5076078189219451
  (2902, 8319)	0.5042571599993056
  (2902, 12680)	0.4762836585300453
  (2903, 14206)	0.5874030719711552
  (2903, 8321)	0.48800055733671865
  (2903, 4657)	0.43768234031291803
  (2903, 6361)	0.47460220822927995
  (2904, 10953)	0.6619500312393446
  (2904, 7617)	0.7495479678727911
  (2905, 11674)	0.7554312642719425
  (2905, 11376)	0.6552279030692255
  (2906, 8151)	0.7472310893606235
  (2906, 8670)	0.6645642926707211
  (2907, 1851)	0.4739809878236094
  (2907, 10960)	0.47075502996002894
  (2907, 12446)	0.6002605810263634
  (2907, 7580)	0.4397942243992983